D
78 32 44 -40 24 -46 -64 86 -140 -24 
30 0 -36 0 -48 -30 0 54 -60 0 
0 0 0 0 0 0 0 0 0 0 
0 0 0 0 0 0 0 0 0 0 
0 0 0 0 0 0 0 0 0 0 
-8 -29 -8 0 -13 -32 18 59 9 60 
0 0 0 0 0 0 0 0 0 0 
0 0 0 0 0 0 0 0 0 0 
-7 -2 3 0 0 0 -9 7 5 -6 
-7 35 0 -21 42 14 -56 -56 70 21 
$
S
1 2 -624
2 2 -240
6 2 64
9 2 56
10 2 56
1 4 660
2 4 180
6 4 -222
9 4 -54
10 4 168
1 5 276
2 5 180
6 5 192
10 5 -84
1 7 168
6 7 -420
9 7 42
10 7 -147
1 8 -140
2 8 -60
6 8 9
9 8 5
10 8 70
1 9 -46
2 9 -30
6 9 -32
10 9 14
$
S
1 2 -632
2 2 -240
6 2 64
9 2 56
10 2 56
1 4 666
2 4 186
6 4 -222
9 4 -54
10 4 168
1 5 276
2 5 180
6 5 186
10 5 -84
1 7 168
6 7 -420
9 7 42
10 7 -154
1 8 -140
2 8 -60
6 8 9
9 8 6
10 8 70
1 9 -46
2 9 -30
6 9 -31
10 9 14
$
D
10 -633 0 661 281 6 160 -150 -51 4 
-6 -244 -10 191 171 2 8 -64 -20 3 
10 -3 10 6 0 -3 -10 -3 -1 -5 
5 0 -6 0 -8 -5 0 9 -10 0 
0 5 0 0 2 5 -2 -9 0 -10 
-8 68 7 -214 186 10 -426 9 -27 6 
1 -5 0 3 -6 -2 8 8 -10 -3 
-7 -2 3 0 0 0 -9 7 5 -6 
-8 57 -8 -54 -1 -2 48 11 9 0 
7 63 -4 175 -94 -3 -146 70 9 2 
$
D
10 -6 10 5 0 -8 1 -7 -8 7 
-633 -244 -3 0 5 68 -5 -2 57 63 
0 -10 10 -6 0 7 0 3 -8 -4 
661 191 6 0 0 -214 3 0 -54 175 
281 171 0 -8 2 186 -6 0 -1 -94 
6 2 -3 -5 5 10 -2 0 -2 -3 
160 8 -10 0 -2 -426 8 -9 48 -146 
-150 -64 -3 9 -9 9 8 7 11 70 
-51 -20 -1 -10 0 -27 -10 5 9 9 
4 3 -5 0 -10 6 -3 -6 0 2 
