D
0 0 0 0 0 0 0 21 0 -28 0 0 0 0 0 0 0 0 0 0 0 0 0 0 0 0 0 0 0 0 
0 0 34 -4 0 0 0 0 -4 0 0 0 0 0 0 0 9 0 0 0 10 0 21 0 0 -5 0 8 0 0 
42 -9 -33 -18 0 0 0 0 -48 26 0 0 0 0 0 0 0 0 15 54 -16 0 0 64 0 0 6 0 54 0 
0 0 0 0 24 0 0 0 0 0 0 0 0 0 0 0 0 0 0 0 0 0 0 0 0 21 12 0 0 0 
0 0 0 -20 0 0 20 0 -30 0 0 0 0 0 -10 0 -15 0 0 0 0 0 0 40 0 0 0 -6 0 0 
0 0 50 -82 0 0 0 0 9 20 -90 0 0 0 0 0 -108 0 0 42 60 0 0 0 -72 -1 15 60 0 27 
0 1 39 0 -72 0 0 27 0 -38 81 0 0 0 0 0 8 0 -18 -20 0 0 0 0 0 -63 -36 0 -6 0 
0 0 65 0 3 0 0 -21 42 28 18 0 0 -24 0 45 0 0 0 7 0 -9 0 -56 0 21 21 0 0 0 
0 0 -10 12 -32 0 0 0 12 -16 -18 0 0 0 0 -35 -5 0 0 -21 2 0 0 0 24 -13 -63 -32 0 -9 
0 2 3 -80 0 0 80 0 0 -4 27 0 0 0 -40 0 -40 0 0 23 8 0 -16 0 -72 -18 0 -16 -12 0 
0 6 1 -8 0 0 0 0 -44 -12 0 0 0 0 0 0 -32 0 0 -36 20 0 35 48 -24 -10 -42 12 -36 9 
0 0 4 -8 28 0 0 0 -8 4 -72 0 0 32 0 0 -26 0 0 0 12 12 0 0 56 -10 3 12 0 -21 
0 0 21 36 0 0 0 0 -42 0 -27 0 0 0 0 30 0 0 0 0 -9 0 -38 0 -32 -42 6 0 0 12 
0 0 0 0 0 0 0 0 42 0 0 0 0 0 0 0 16 0 0 0 0 0 0 -56 0 0 42 0 0 0 
0 0 -5 10 0 0 -10 -21 60 0 -45 0 0 0 5 0 0 0 0 0 2 0 -4 -80 0 -9 0 0 0 0 
0 0 32 0 7 0 0 0 0 0 -27 0 0 8 0 0 0 0 0 0 0 3 0 0 0 0 0 0 0 0 
0 9 30 -36 0 0 0 -18 0 44 0 0 0 0 0 0 0 0 -30 0 -40 0 -27 0 0 0 15 0 0 0 
0 0 12 -42 0 0 0 0 49 0 0 0 0 0 0 0 0 0 0 0 0 0 -28 0 0 49 0 0 0 0 
0 0 0 40 40 0 -40 0 0 0 0 0 0 0 20 0 -10 0 0 0 0 0 0 0 0 35 -15 -4 0 0 
0 0 -40 28 0 0 0 28 58 -8 72 0 0 0 0 0 70 0 0 0 -54 0 0 -40 0 47 -6 -42 0 0 
0 27 5 0 0 0 0 0 0 0 45 0 0 0 0 0 0 0 0 0 0 0 -81 0 0 0 0 0 0 0 
0 0 0 69 0 0 -60 70 0 0 0 0 0 0 30 0 -40 0 0 0 0 0 0 0 0 30 0 -16 0 0 
0 0 14 14 0 0 -30 0 -16 0 0 0 0 0 15 0 -40 0 0 0 40 0 42 0 0 -20 0 24 0 0 
0 0 72 -96 0 0 60 0 -36 0 0 0 0 0 -30 0 -90 0 0 0 84 0 12 0 0 -45 -28 54 0 0 
0 -10 -87 16 0 0 0 0 16 60 0 0 0 0 0 0 40 0 9 60 -120 0 0 0 8 20 30 -24 60 -3 
-35 -22 51 -39 0 0 0 35 -64 -38 0 0 0 0 0 0 -90 0 0 -79 146 0 81 0 -32 -66 -21 54 -30 0 
0 0 -8 -45 -72 0 0 14 0 -20 0 0 0 0 0 0 -30 0 0 0 -16 0 0 0 -72 -84 40 -12 0 0 
0 0 -61 0 0 0 0 0 -6 0 -45 0 0 0 0 0 0 0 0 0 0 0 0 8 -16 0 0 0 0 6 
0 0 23 -79 42 0 70 0 -36 0 -63 0 0 48 -35 0 0 0 -18 0 -3 18 6 48 16 0 0 0 0 -6 
0 -27 -45 0 14 0 0 0 -48 0 0 0 0 16 0 0 -10 0 27 63 0 6 81 64 -80 -20 0 -4 0 0 
$
D
0 0 56 252 0 280 -196 -63 -147 0 0 0 -189 0 0 0 0 147 189 0 -224 42 224 0 63 224 0 0 0 119 
-162 126 331 20 -229 -32 175 0 280 -25 89 -80 29 -340 -36 16 164 54 28 -51 -63 -18 0 0 4 28 -20 -28 90 -47 
144 -27 -349 -288 198 -260 -301 324 -210 210 18 489 45 -247 -351 -79 30 -336 336 -333 910 -148 338 63 159 53 0 -36 -90 -274 
189 0 -105 -192 105 90 0 0 120 93 123 0 147 0 0 120 -123 -84 0 -189 48 0 0 0 -108 -144 84 0 0 147 
45 0 -20 0 0 -154 155 0 94 30 -60 -30 -48 -210 -270 -40 45 -270 210 -450 250 -320 260 -80 -120 210 0 -78 -70 -50 
18 -450 235 -581 -305 -1208 1246 54 -74 148 -260 -1357 473 -939 -495 654 -1243 -753 -63 222 160 -378 -160 -540 -417 -367 -4 105 -1080 -323 
-591 408 256 918 -549 118 -49 -117 313 -359 -265 -151 -689 -180 -9 -756 527 489 243 264 -418 178 286 479 315 773 -252 -255 90 -278 
189 90 316 -525 -285 -96 675 108 923 22 307 -325 111 -12 378 14 -157 -294 -483 454 -52 121 -560 300 -420 -581 84 72 0 154 
-201 -90 355 853 -5 326 -147 -53 -347 -86 -394 9 -172 484 300 -570 154 411 -84 138 -192 -35 128 -108 555 536 -52 178 -50 106 
-114 45 -837 108 -108 -1096 473 -72 383 122 -220 209 -264 126 -594 -162 -834 -960 0 43 -28 -1296 76 -172 -960 34 -72 -145 -60 54 
-93 228 -157 436 -56 -288 147 -198 56 -152 -402 -550 -4 -562 -642 -436 -164 102 308 -968 -165 -56 276 -42 530 644 -40 -252 -260 -223 
-309 -360 1070 187 -74 66 206 -42 -640 67 -123 -259 26 -240 376 686 546 -177 56 434 16 -28 -32 -688 -19 -132 -40 224 -260 75 
-189 -363 241 -6 -336 -368 147 54 102 -216 -54 -117 -444 -486 -634 390 196 -42 294 330 114 51 0 -162 222 234 -168 -77 0 -528 
-48 0 0 -378 0 -52 -112 0 0 -42 274 160 0 378 378 476 -4 -198 -294 630 -336 84 -336 0 -546 -546 0 126 160 126 
-99 -249 280 36 -15 -40 -60 63 -213 -60 -37 -35 126 566 540 350 -187 -57 -609 1087 -473 267 -490 -230 -183 -420 -36 315 -40 118 
0 -135 450 0 -192 -28 216 0 73 30 61 -160 0 -192 0 210 64 0 0 54 -4 0 0 -226 0 -45 0 81 0 0 
360 -135 182 -531 -180 -638 518 54 366 -15 135 -150 117 -10 -81 300 90 -231 -162 99 553 104 -352 -63 -447 -373 0 0 90 -202 
441 -168 -137 -196 173 154 84 0 96 245 171 -60 343 369 441 -196 -515 0 -343 -182 84 98 0 0 -322 -343 196 147 0 490 
345 0 -135 -5 175 384 -30 0 -4 130 -10 -340 213 40 0 -150 -325 405 0 -315 60 440 -40 160 615 -30 140 8 -260 165 
699 360 -1011 -62 475 758 -826 -84 -126 241 311 900 -259 1290 522 -564 -303 658 -154 -33 -304 144 -176 432 -10 -306 188 42 700 515 
0 -180 -225 0 -30 0 35 0 310 0 10 -25 -135 -30 -243 -270 10 0 0 207 243 0 0 81 0 27 0 -135 270 0 
390 0 -90 -120 150 528 130 -210 -806 60 -70 -760 -548 160 0 0 -410 790 630 -270 -30 470 -60 240 957 0 120 32 -640 20 
-420 252 256 80 -184 -162 303 0 -14 -145 -192 -650 52 -548 -144 64 32 30 112 -36 -141 233 -30 120 376 112 -80 -96 -520 -248 
-891 72 813 432 -657 -946 1284 0 930 -107 -491 -900 117 -1464 -324 -136 97 -884 252 249 -6 -912 60 -240 -432 420 -180 -216 -660 -303 
1113 -30 -923 -860 622 -88 -469 354 -684 310 256 1198 -2 1119 298 191 -158 30 -112 330 864 272 -300 70 -241 -794 80 224 300 -85 
-1638 420 545 795 -636 -1054 931 -285 432 -625 -591 -1239 -235 -1714 -634 46 166 97 763 -581 -757 -122 214 154 433 856 -264 -392 -1120 -499 
-522 0 -332 156 -372 -1404 14 -42 -534 -460 -188 -44 -810 200 -576 400 -218 -362 126 468 -304 52 160 0 -453 136 -336 -48 -300 -502 
54 -225 -439 -60 366 -112 -427 12 -710 0 -122 299 0 312 -182 262 -258 0 42 -64 48 -12 48 -270 24 30 0 101 0 -72 
-27 -279 675 60 -138 -406 288 -12 -18 285 28 311 0 -402 -196 708 350 -630 252 -374 353 -862 358 -1042 -813 30 0 97 280 86 
-150 405 -1105 80 170 -708 -261 0 -721 212 -196 365 -37 -203 -829 -103 -734 -60 336 -716 25 -620 384 61 327 165 -80 -216 -370 -284 
$
D
0 0 56 252 0 280 -202 -63 -147 0 0 0 -189 0 0 0 0 140 189 0 -224 42 224 0 63 224 0 0 0 119 
-162 129 331 20 -229 -32 175 0 280 -25 89 -80 24 -340 -45 16 164 54 28 -52 -63 -18 0 -7 4 29 -20 -28 100 -47 
144 -27 -340 -288 192 -260 -294 324 -202 210 20 484 45 -253 -351 -79 32 -336 336 -333 910 -148 338 63 159 53 0 -36 -90 -274 
189 0 -105 -192 105 98 0 0 120 93 123 0 147 0 0 120 -123 -84 0 -189 48 0 0 0 -105 -144 84 0 0 147 
45 0 -20 0 0 -158 155 0 99 30 -60 -30 -48 -210 -270 -40 45 -270 210 -450 252 -320 260 -80 -120 207 0 -78 -70 -50 
18 -450 235 -581 -305 -1216 1248 54 -74 148 -260 -1357 473 -929 -495 654 -1238 -753 -63 212 160 -368 -160 -536 -417 -367 -11 96 -1080 -329 
-591 408 255 918 -549 118 -49 -117 313 -359 -265 -145 -689 -180 -9 -756 527 480 243 264 -418 169 286 475 306 773 -252 -255 94 -276 
189 90 316 -525 -285 -96 675 105 916 22 307 -325 102 -12 378 14 -157 -287 -474 454 -52 119 -560 300 -417 -581 84 72 0 153 
-201 -90 355 853 -5 326 -147 -53 -347 -86 -394 9 -172 493 309 -574 150 411 -91 141 -192 -33 128 -108 551 529 -52 181 -50 109 
-114 45 -839 99 -108 -1106 480 -72 383 122 -220 209 -264 126 -594 -162 -834 -960 0 43 -20 -1299 68 -172 -960 26 -72 -145 -60 49 
-93 233 -163 436 -56 -288 147 -198 62 -152 -402 -550 -4 -562 -642 -442 -164 102 308 -970 -165 -56 276 -36 530 644 -40 -255 -260 -223 
-309 -360 1070 187 -74 66 206 -38 -640 67 -123 -259 26 -240 368 686 547 -177 56 432 16 -20 -32 -685 -19 -132 -40 231 -260 75 
-189 -371 241 -6 -336 -368 147 54 102 -216 -54 -117 -444 -486 -634 390 196 -42 300 330 114 54 9 -162 222 234 -162 -81 -7 -528 
-48 0 0 -378 0 -52 -113 0 -7 -42 274 160 0 378 378 482 -4 -198 -294 630 -336 84 -336 -8 -546 -546 0 126 160 126 
-99 -249 280 36 -15 -46 -65 63 -223 -63 -37 -35 126 566 540 350 -187 -57 -609 1087 -474 272 -492 -230 -183 -420 -36 315 -40 118 
0 -135 450 0 -192 -28 216 1 73 30 61 -160 -5 -192 0 210 64 0 0 54 -4 3 0 -226 0 -45 0 81 0 0 
357 -135 182 -531 -180 -636 511 54 366 -15 139 -140 117 -10 -81 300 95 -225 -162 99 553 104 -352 -63 -447 -373 0 0 100 -202 
441 -172 -137 -196 173 149 84 0 96 245 171 -60 343 369 441 -196 -515 0 -343 -182 84 98 0 0 -322 -343 189 147 0 490 
345 0 -135 -5 175 380 -30 0 -4 130 -10 -340 213 37 0 -155 -325 405 0 -315 56 440 -40 160 620 -32 140 8 -260 165 
699 360 -1011 -62 475 762 -826 -84 -131 245 311 900 -259 1290 522 -564 -305 658 -154 -26 -304 136 -176 432 -10 -306 188 42 700 515 
-9 -180 -225 0 -30 0 35 0 310 0 10 -25 -135 -32 -243 -270 10 0 0 207 243 -5 0 81 0 27 0 -135 270 0 
390 0 -90 -120 150 528 130 -210 -806 70 -71 -760 -548 160 0 0 -410 790 630 -270 -36 470 -60 240 957 -8 120 32 -640 20 
-420 258 256 80 -184 -162 303 0 -14 -145 -192 -650 52 -548 -144 64 32 30 112 -40 -144 233 -30 120 376 112 -80 -96 -520 -248 
-891 72 813 432 -657 -946 1284 0 930 -107 -491 -900 117 -1464 -324 -140 97 -884 252 240 0 -912 66 -240 -432 420 -180 -216 -660 -303 
1113 -30 -913 -860 622 -81 -469 354 -684 310 256 1195 -2 1119 306 191 -148 30 -112 334 864 272 -300 70 -241 -794 80 225 300 -85 
-1629 420 540 791 -631 -1044 931 -285 432 -620 -588 -1239 -228 -1714 -634 46 159 97 763 -590 -757 -122 214 154 433 856 -260 -392 -1120 -492 
-522 0 -332 147 -372 -1406 14 -42 -534 -461 -183 -44 -810 200 -576 410 -216 -369 126 468 -304 52 160 0 -462 130 -336 -48 -300 -502 
54 -225 -439 -60 366 -108 -427 12 -709 0 -122 299 8 302 -182 262 -258 0 42 -64 48 -7 48 -270 24 30 0 99 0 -72 
-27 -279 675 60 -138 -406 288 -6 -12 285 29 317 0 -402 -196 708 350 -630 252 -374 360 -855 361 -1042 -813 30 0 99 280 86 
-141 405 -1105 70 170 -708 -261 2 -713 212 -196 356 -37 -203 -829 -103 -734 -60 336 -716 25 -620 384 61 327 163 -80 -216 -370 -293 
$
D
0 -3 56 252 0 280 -202 -63 -147 0 0 0 -189 0 0 0 0 140 189 0 -224 42 233 0 63 224 0 0 0 119 
-162 129 328 20 -229 -32 175 0 280 -25 89 -80 24 -340 -45 16 164 54 28 -52 -63 -18 7 -7 4 29 -20 -28 100 -47 
144 -28 -340 -288 192 -260 -294 324 -202 212 20 484 45 -253 -351 -79 32 -336 336 -327 910 -148 338 63 159 53 0 -36 -84 -274 
189 0 -105 -192 105 98 0 0 120 93 123 0 147 0 0 120 -123 -84 0 -189 48 0 0 0 -97 -142 84 0 0 147 
38 0 -20 0 0 -158 155 0 99 30 -60 -30 -48 -210 -270 -40 45 -270 210 -450 252 -320 260 -80 -120 207 0 -78 -70 -50 
18 -450 235 -581 -305 -1216 1248 54 -74 148 -260 -1357 473 -929 -495 654 -1238 -753 -63 212 160 -368 -160 -536 -417 -367 -11 96 -1080 -329 
-591 408 255 918 -549 118 -49 -117 313 -359 -265 -145 -689 -180 -9 -756 527 480 243 264 -418 169 286 475 306 773 -252 -255 94 -276 
189 90 316 -525 -278 -96 675 105 916 22 307 -325 102 -4 378 14 -157 -287 -474 454 -52 122 -560 300 -417 -581 84 72 0 153 
-201 -90 355 853 -5 326 -147 -53 -353 -86 -394 9 -172 493 309 -574 150 411 -91 141 -192 -33 128 -100 551 529 -52 181 -50 109 
-114 45 -839 99 -108 -1106 480 -65 383 122 -220 209 -264 126 -594 -162 -834 -960 0 43 -20 -1299 68 -172 -960 29 -72 -145 -60 49 
-93 233 -163 427 -56 -288 147 -198 62 -152 -402 -550 -4 -562 -642 -442 -164 102 308 -970 -165 -56 276 -36 530 644 -40 -255 -260 -223 
-309 -360 1075 187 -74 66 206 -38 -640 67 -123 -259 26 -240 368 686 547 -177 53 432 16 -20 -32 -685 -19 -132 -40 231 -260 75 
-189 -371 234 -6 -336 -368 147 54 102 -216 -54 -117 -444 -486 -634 390 196 -42 300 330 114 54 9 -162 222 234 -162 -81 -7 -528 
-48 0 0 -378 0 -52 -113 0 -7 -42 274 160 0 378 378 482 -4 -198 -294 630 -336 84 -336 -8 -546 -546 0 126 160 126 
-99 -249 280 36 -15 -46 -65 63 -223 -63 -37 -35 126 566 540 350 -187 -57 -609 1087 -474 272 -492 -230 -183 -420 -36 315 -40 118 
0 -135 450 0 -192 -28 216 1 73 30 61 -160 -5 -192 0 210 64 0 0 54 -4 3 0 -226 0 -45 7 81 0 0 
357 -135 178 -531 -180 -636 511 54 366 -11 139 -140 117 -10 -81 300 95 -225 -162 99 545 104 -352 -63 -447 -373 3 0 100 -202 
441 -172 -137 -196 173 149 84 -3 96 249 171 -60 343 369 441 -196 -515 0 -343 -182 84 98 0 0 -322 -343 189 147 0 490 
345 0 -135 -5 175 380 -30 0 -4 130 -10 -340 213 37 0 -150 -325 405 0 -315 56 440 -40 160 620 -32 141 8 -260 165 
699 360 -1019 -58 475 762 -826 -84 -127 245 311 900 -259 1290 522 -564 -295 658 -154 -26 -314 136 -176 432 -10 -301 188 36 700 515 
-9 -180 -225 -10 -30 0 45 0 310 0 10 -25 -135 -32 -248 -270 10 0 0 207 243 -5 0 81 0 27 0 -135 270 0 
390 0 -91 -120 150 528 130 -210 -806 70 -80 -760 -548 160 0 0 -410 790 630 -270 -36 470 -60 240 957 -8 120 32 -640 20 
-420 258 256 80 -184 -162 303 0 -14 -145 -192 -650 52 -548 -144 64 32 30 112 -40 -145 233 -28 120 376 112 -80 -96 -520 -248 
-891 72 813 432 -657 -946 1284 0 930 -107 -491 -900 117 -1464 -324 -140 95 -884 252 240 0 -912 66 -240 -432 420 -180 -216 -660 -303 
1113 -30 -913 -860 630 -81 -469 354 -684 310 256 1195 -2 1119 306 191 -148 30 -112 334 864 272 -300 70 -241 -787 84 225 300 -85 
-1629 420 540 791 -631 -1044 931 -285 432 -620 -588 -1239 -228 -1714 -634 46 164 97 763 -590 -757 -122 214 154 433 856 -260 -390 -1120 -492 
-522 0 -332 153 -372 -1406 14 -42 -541 -461 -183 -44 -810 200 -576 410 -216 -369 126 468 -304 52 160 0 -462 123 -336 -48 -300 -502 
54 -225 -439 -60 366 -108 -427 12 -709 0 -122 299 8 302 -182 262 -258 0 42 -64 48 -7 48 -270 32 30 0 99 0 -75 
-27 -279 675 60 -138 -406 288 -6 -12 285 29 317 0 -402 -196 708 350 -630 252 -374 360 -855 361 -1042 -813 30 0 99 280 86 
-141 405 -1105 70 170 -708 -261 2 -713 212 -196 356 -37 -203 -829 -103 -734 -60 336 -723 25 -620 384 61 327 163 -80 -216 -370 -293 
$
D
0 -162 144 189 38 18 -591 189 -201 -114 -93 -309 -189 -48 -99 0 357 441 345 699 -9 390 -420 -891 1113 -1629 -522 54 -27 -141 
-3 129 -28 0 0 -450 408 90 -90 45 233 -360 -371 0 -249 -135 -135 -172 0 360 -180 0 258 72 -30 420 0 -225 -279 405 
56 328 -340 -105 -20 235 255 316 355 -839 -163 1075 234 0 280 450 178 -137 -135 -1019 -225 -91 256 813 -913 540 -332 -439 675 -1105 
252 20 -288 -192 0 -581 918 -525 853 99 427 187 -6 -378 36 0 -531 -196 -5 -58 -10 -120 80 432 -860 791 153 -60 60 70 
0 -229 192 105 0 -305 -549 -278 -5 -108 -56 -74 -336 0 -15 -192 -180 173 175 475 -30 150 -184 -657 630 -631 -372 366 -138 170 
280 -32 -260 98 -158 -1216 118 -96 326 -1106 -288 66 -368 -52 -46 -28 -636 149 380 762 0 528 -162 -946 -81 -1044 -1406 -108 -406 -708 
-202 175 -294 0 155 1248 -49 675 -147 480 147 206 147 -113 -65 216 511 84 -30 -826 45 130 303 1284 -469 931 14 -427 288 -261 
-63 0 324 0 0 54 -117 105 -53 -65 -198 -38 54 0 63 1 54 -3 0 -84 0 -210 0 0 354 -285 -42 12 -6 2 
-147 280 -202 120 99 -74 313 916 -353 383 62 -640 102 -7 -223 73 366 96 -4 -127 310 -806 -14 930 -684 432 -541 -709 -12 -713 
0 -25 212 93 30 148 -359 22 -86 122 -152 67 -216 -42 -63 30 -11 249 130 245 0 70 -145 -107 310 -620 -461 0 285 212 
0 89 20 123 -60 -260 -265 307 -394 -220 -402 -123 -54 274 -37 61 139 171 -10 311 10 -80 -192 -491 256 -588 -183 -122 29 -196 
0 -80 484 0 -30 -1357 -145 -325 9 209 -550 -259 -117 160 -35 -160 -140 -60 -340 900 -25 -760 -650 -900 1195 -1239 -44 299 317 356 
-189 24 45 147 -48 473 -689 102 -172 -264 -4 26 -444 0 126 -5 117 343 213 -259 -135 -548 52 117 -2 -228 -810 8 0 -37 
0 -340 -253 0 -210 -929 -180 -4 493 126 -562 -240 -486 378 566 -192 -10 369 37 1290 -32 160 -548 -1464 1119 -1714 200 302 -402 -203 
0 -45 -351 0 -270 -495 -9 378 309 -594 -642 368 -634 378 540 0 -81 441 0 522 -248 0 -144 -324 306 -634 -576 -182 -196 -829 
0 16 -79 120 -40 654 -756 14 -574 -162 -442 686 390 482 350 210 300 -196 -150 -564 -270 0 64 -140 191 46 410 262 708 -103 
0 164 32 -123 45 -1238 527 -157 150 -834 -164 547 196 -4 -187 64 95 -515 -325 -295 10 -410 32 95 -148 164 -216 -258 350 -734 
140 54 -336 -84 -270 -753 480 -287 411 -960 102 -177 -42 -198 -57 0 -225 0 405 658 0 790 30 -884 30 97 -369 0 -630 -60 
189 28 336 0 210 -63 243 -474 -91 0 308 53 300 -294 -609 0 -162 -343 0 -154 0 630 112 252 -112 763 126 42 252 336 
0 -52 -327 -189 -450 212 264 454 141 43 -970 432 330 630 1087 54 99 -182 -315 -26 207 -270 -40 240 334 -590 468 -64 -374 -723 
-224 -63 910 48 252 160 -418 -52 -192 -20 -165 16 114 -336 -474 -4 545 84 56 -314 243 -36 -145 0 864 -757 -304 48 360 25 
42 -18 -148 0 -320 -368 169 122 -33 -1299 -56 -20 54 84 272 3 104 98 440 136 -5 470 233 -912 272 -122 52 -7 -855 -620 
233 7 338 0 260 -160 286 -560 128 68 276 -32 9 -336 -492 0 -352 0 -40 -176 0 -60 -28 66 -300 214 160 48 361 384 
0 -7 63 0 -80 -536 475 300 -100 -172 -36 -685 -162 -8 -230 -226 -63 0 160 432 81 240 120 -240 70 154 0 -270 -1042 61 
63 4 159 -97 -120 -417 306 -417 551 -960 530 -19 222 -546 -183 0 -447 -322 620 -10 0 957 376 -432 -241 433 -462 32 -813 327 
224 29 53 -142 207 -367 773 -581 529 29 644 -132 234 -546 -420 -45 -373 -343 -32 -301 27 -8 112 420 -787 856 123 30 30 163 
0 -20 0 84 0 -11 -252 84 -52 -72 -40 -40 -162 0 -36 7 3 189 141 188 0 120 -80 -180 84 -260 -336 0 0 -80 
0 -28 -36 0 -78 96 -255 72 181 -145 -255 231 -81 126 315 81 0 147 8 36 -135 32 -96 -216 225 -390 -48 99 99 -216 
0 100 -84 0 -70 -1080 94 0 -50 -60 -260 -260 -7 160 -40 0 100 0 -260 700 270 -640 -520 -660 300 -1120 -300 0 280 -370 
119 -47 -274 147 -50 -329 -276 153 109 49 -223 75 -528 126 118 0 -202 490 165 515 0 20 -248 -303 -85 -492 -502 -75 86 -293 
